   2.7650893044663147E-006
   1.0092364018922957E-005
   1.7558105605453863E-005
   2.9989847967650721E-005
   6.4085739641813814E-005
   7.5115550698982917E-005
   7.6009088621630945E-005
   1.6320142615937198E-004
   1.9043324092790599E-004
   2.5818116173983839E-004
   2.7742734741997670E-004
   3.1196505961492502E-004
   4.7697800199395901E-004
   5.2821169198937032E-004
   7.2497422064551626E-004
   7.9461369203293465E-004
   8.2438603637092480E-004
   9.4234145092505768E-004
   1.0363165742341605E-003
   1.0633790350993049E-003
   1.2664348896749005E-003
   1.7205866866682204E-003
   1.9809542690215004E-003
   2.0648391141373226E-003
   2.6461003365338132E-003
   2.8002038762961201E-003
   3.3541038457484476E-003
   3.4828711521482196E-003
   4.4862173688552361E-003
   5.0457361712199630E-003
   6.0307217546062943E-003
   6.2800095244426061E-003
   6.7523755441342174E-003
   7.0136686409544248E-003
   7.8629889539045660E-003
   8.0417646906876181E-003
   8.5755566103535349E-003
   8.9340498012010303E-003
   1.1315165360145632E-002
   1.2712212745438281E-002
   1.4519924995758415E-002
   1.5238398895593025E-002
   1.8661289913818737E-002
   1.9694422794356750E-002
   2.1843006097550081E-002
   2.2011672153251092E-002
   2.9128716162419785E-002
   2.9231052749991920E-002
   3.2608596985037333E-002
   3.4812821997247362E-002
   3.7774829252318919E-002
   4.1299486264162508E-002
   4.2789513722738336E-002
   4.6740919465276462E-002
   4.9320037534408299E-002
   6.5408530662410105E-002
   7.4194452169014241E-002
   8.1793606303222841E-002
   9.4614587740247516E-002
   9.6897700497459424E-002
   9.9289536221502675E-002
  0.10155266979674724     
  0.11824921189912858     
  0.12272301235652749     
  0.13849095547005547     
  0.16382869984619070     
  0.19412137156357417     
  0.20556643079900797     
  0.20833845806170687     
  0.24269960095140056     
  0.27880560167662816     
  0.30738424104567813     
  0.32868161021453485     
  0.33204448248982599     
  0.35594596873667350     
  0.39294720241230063     
  0.49445120537233306     
  0.52730653819358242     
  0.66169139915942210     
  0.66532869708204234     
  0.66784502078153418     
  0.68040278795212206     
  0.78804362925494509     
   1.0008852519199185     
   1.0079643266243001     
   1.1520415404922182     
   1.2766084011921022     
   1.3394186434275406     
   1.5951852029499738     
   1.7066608135167902     
   1.7330702741889705     
   2.1615224616306974     
   2.3192535119945106     
   2.5674101324205596     
   2.7621228824739403     
   3.2516799035244772     
   3.4357954521683935     
   4.0918723153179180     
   4.3515085039816537     
   5.1824438984211003     
