0	0	0	0
1	2.40406755104	2.41421356237	0.0101460113372
2	4.40378744775	4.41421356237	0.0104261146269
3	5.22834698165	5.24264068712	0.0142937054734
4	6.45131448172	6.41421356237	0.0371009193442
5	7.22806687836	7.24264068712	0.0145738087632
6	8.40114487818	8.07106781187	0.330077066313
7	8.42177669807	8.41421356237	0.00756313569315
8	9.27559391233	9.24264068712	0.0329532252078
9	10.4008647749	10.0710678119	0.329796963023
10	11.0431564225	10.4142135624	0.628942860109
11	11.0963938389	10.8994949366	0.196898902264
12	11.2460561287	11.2426406871	0.00341544155837
13	12.4483918089	12.0710678119	0.377323996995
14	12.8363759298	12.4142135624	0.422162367403
15	13.0428763192	12.8994949366	0.14338138258
16	13.9206732695	13.2426406871	0.678032582365
17	14.4188540252	13.7279220614	0.690931963848
18	15.0904033532	14.0710678119	1.0193355413
19	15.6606553604	14.4142135624	1.24644179802
20	16.4660391802	14.8994949366	1.56654424364
