   1.3999999999999999     
   1.3999999999999999     
   1.3999999999999999     
   1.3999999999999999     
   1.3999999999999999     
   1.3999999999999999     
   1.3999999999999999     
   1.3999999999999999     
   1.3999999999999999     
   1.3999999999999999     
   1.3999999999999999     
   1.3999999999999999     
   1.3999999999999999     
   1.3999999999999999     
   1.3999999999999999     
   1.3999999999999999     
   1.3999999999999999     
   1.3999999999999999     
   1.3999999999999999     
   1.3999999999999999     
   1.3999999999999999     
   1.3999999999999999     
   1.3999999999999999     
   1.3999999999999999     
   1.3999999999999999     
