  -10.000000000000000     
  -9.1666666666666661     
  -8.3333333333333339     
  -7.5000000000000000     
  -6.6666666666666661     
  -5.8333333333333330     
  -5.0000000000000000     
  -4.1666666666666670     
  -3.3333333333333330     
  -2.5000000000000000     
  -1.6666666666666661     
 -0.83333333333333393     
   0.0000000000000000     
  0.83333333333333393     
   1.6666666666666661     
   2.5000000000000000     
   3.3333333333333339     
   4.1666666666666661     
   5.0000000000000000     
   5.8333333333333339     
   6.6666666666666679     
   7.5000000000000000     
   8.3333333333333321     
   9.1666666666666679     
   10.000000000000000     
