   2.3560609519885446E-004
   4.7328285654476388E-004
   9.8987843015126142E-004
   1.9947585553887017E-003
   3.8411729230920242E-003
   7.0894005105649055E-003
   1.2587497847629830E-002
   2.1564109225029951E-002
   3.5721747465644021E-002
   5.7310878821051361E-002
   8.9156417897652801E-002
  0.13460131629984320     
  0.19733026520470168     
  0.28104398161753963     
  0.38897415622666021     
  0.52326149859244864     
  0.68426098696820559     
  0.86988121292043608     
   1.0750964718474305     
   1.2917776797313101     
   1.5089610869740642     
   1.7136095871449406     
   1.8918284487719945     
   2.0303945603756337     
   2.1183716133767634     
