  0.50000000000000000     
   1.5000000000000000     
   2.5000000000000000     
   3.5000000000000000     
   4.5000000000000000     
   5.5000000000000000     
   6.5000000000000000     
   7.5000000000000000     
   8.5000000000000000     
   9.5000000000000000     
   10.500000000000000     
   11.500000000000000     
   12.500000000000000     
   13.500000000000000     
   14.500000000000000     
   15.500000000000000     
   16.500000000000000     
   17.500000000000000     
   18.500000000000000     
   19.500000000000000     
   20.500000000000000     
   21.500000000000000     
   22.500000000000000     
   23.500000000000000     
   24.500000000000000     
