   1.7428528771979812E-005
   8.8513681197341899E-005
   8.8513681199408592E-005
   3.2814520725392063E-004
   3.2814520725504902E-004
   4.4953144709433511E-004
   9.8224970970340383E-004
   9.8224970970401792E-004
   1.6665399955927275E-003
   1.6665399955929164E-003
   2.4784798916359521E-003
   2.4784798916369592E-003
   4.9885184689397403E-003
   4.9885184689406580E-003
   5.3726988450660549E-003
   5.3726988450668442E-003
   6.1783342964490603E-003
   1.0088573139697027E-002
   1.0088573139698317E-002
   1.2587372225395150E-002
   1.2587372225396456E-002
   1.6461236970118975E-002
   1.6461236970120370E-002
   1.8493846428305819E-002
   1.8493846428307145E-002
   2.3358013520521147E-002
   2.3358013520522292E-002
   2.7286144400856326E-002
   2.7286144400857019E-002
   2.8820633774512432E-002
   2.8820633774513250E-002
   4.6664942772453095E-002
   4.6664942772454102E-002
   5.1236496112417138E-002
   5.1236496112418102E-002
   5.5358344062147444E-002
   8.3601128955126475E-002
   8.3601128955127585E-002
  0.10115744129485221     
  0.10115744129485264     
  0.11862755539024207     
  0.11862755539024289     
  0.13968397367483287     
  0.13968397367483418     
  0.14637038061751617     
  0.14637038061751698     
  0.18994815725900072     
  0.18994815725900147     
  0.30279847198665666     
  0.30279847198665866     
  0.30993298907397088     
  0.30993298907397193     
  0.35246019063878636     
  0.43978584126980408     
  0.43978584126980641     
  0.54263632732796641     
  0.54263632732796774     
  0.56857914789540920     
  0.56857914789541197     
  0.76404188937229989     
  0.76404188937230122     
  0.92773437434336969     
  0.92773437434337203     
   1.3164279269353258     
   1.3164279269353276     
   1.4346779346853578     
   1.4346779346853595     
   1.6242942551347588     
   1.6242942551347594     
   1.6562438091451004     
   2.3409230553850566     
   2.3409230553850695     
   3.1100080774260288     
   3.1100080774260355     
   3.3217013081969657     
   3.3217013081969715     
   4.0985307602358558     
   4.0985307602358647     
   5.0745114529673572     
   5.0745114529673723     
   5.8398106536305843     
   7.2005832455733652     
   7.2005832455733909     
   8.8845471598530406     
   8.8845471598530441     
   9.5286524366635525     
   9.5286524366635970     
   13.520878950467353     
   13.520878950467367     
   15.547630333234933     
   16.682938392794743     
   16.682938392794831     
   22.061632439590824     
   22.061632439590827     
   27.221074619668528     
   27.221074619668542     
   31.304810795455737     
   38.625908257290611     
   38.625908257290718     
   47.659153682449769     
