   1.3279341689919193E-005
   2.1234825884231816E-005
   2.9681340326196667E-005
   4.0612375940677877E-005
   5.3338091870053702E-005
   6.0231383912123310E-005
   7.6463433113626103E-005
   7.8421223535777657E-005
   9.7211482000937279E-005
   1.1899416829993606E-004
   1.3929266031021157E-004
   1.7926079346306016E-004
   2.1888501370985339E-004
   2.6458096258150272E-004
   2.9456644702544445E-004
   3.1713759262721065E-004
   3.6653051305504257E-004
   4.3027395865897979E-004
   4.8099508535204006E-004
   5.0868719932276084E-004
   5.2269140132712002E-004
   6.3760824102130340E-004
   6.9569520223354889E-004
   7.3019502005641779E-004
   9.0786253858940024E-004
   9.6209776125225240E-004
   1.0217464233419197E-003
   1.1254651573922388E-003
   1.2482874546886045E-003
   1.3157262106225547E-003
   1.4562949660408902E-003
   1.5042726720390445E-003
   1.5624489534824780E-003
   1.8363611084450651E-003
   2.1694347857849636E-003
   2.2899041199756776E-003
   2.5776107525460191E-003
   2.6109912061898326E-003
   2.8246237006565116E-003
   3.1638634478001844E-003
   4.0169955120089758E-003
   4.2489405135794156E-003
   4.6577303309981591E-003
   5.3742622050140998E-003
   5.4495646015522582E-003
   5.9232950854804763E-003
   6.8960432796819210E-003
   7.9151516021297059E-003
   8.9587498342287783E-003
   1.0333540214823862E-002
   1.1050895380271403E-002
   1.2839396709647588E-002
   1.3280249233144971E-002
   1.4367813155761675E-002
   1.4863567759545067E-002
   1.6102855561903728E-002
   1.8449468222321099E-002
   1.8885315212373112E-002
   2.1851765775407917E-002
   2.3176351579493649E-002
   2.3957935242048544E-002
   2.6168414857870137E-002
   2.9130948855994772E-002
   3.1133934482911980E-002
   3.6034332398149072E-002
   4.0081916352688186E-002
   4.2324765625579672E-002
   4.8242988581844920E-002
   5.0800791906375362E-002
   6.9256795144131147E-002
   8.3704895787184527E-002
  0.11530968606640299     
  0.12456355666799583     
  0.13237517804196675     
  0.14887686281812523     
  0.15635074236750029     
  0.16569268477863830     
  0.18530081576930113     
  0.20215631113371024     
  0.21838165520128583     
  0.23549781976040338     
  0.25423913777696372     
  0.27127137028423287     
  0.29759844792412710     
  0.33630857338533865     
  0.56536306864912289     
  0.85654219405619270     
  0.92883210464704258     
   1.1332397780520649     
   1.2515187760633930     
   1.3660861932500541     
   1.5328870354776765     
   1.8837079736808757     
   1.9905500568411560     
   3.1768695080182510     
   7.2890280629114335     
   7.9279189557956089     
   10.100372768121570     
   26.361509865561313     
   177.63498886775895     
