 Overlap Matrix Eigenvalues
   2.3560609519902837E-004
   4.7328285654488049E-004
   9.8987843015140215E-004
   1.9947585553887885E-003
   3.8411729230922237E-003
   7.0894005105649254E-003
   1.2587497847630046E-002
   2.1564109225029913E-002
   3.5721747465643994E-002
   5.7310878821051472E-002
   8.9156417897652843E-002
  0.13460131629984307     
  0.19733026520470193     
  0.28104398161753980     
  0.38897415622666009     
  0.52326149859244853     
  0.68426098696820514     
  0.86988121292043596     
   1.0750964718474310     
   1.2917776797313096     
   1.5089610869740637     
   1.7136095871449397     
   1.8918284487719947     
   2.0303945603756324     
   2.1183716133767629     
