   2.2622551483978102       0.83874697659055542     
   2.4147254882153315        2.7913403559828596     
   4.0087725139090216        4.0087725139090216     
   2.6789539397882112        1.5318910390349312     
   2.3507067313775289        1.9416039527564608     
   2.1233811211777889        2.1733412583712708     
   2.5123381626881742        1.8116658183173440     
   1.1484982541404676        1.0177277423711530     
   2.4829207388608143        2.2677253724904061     
   1.4137333985510070        2.0455363779223177     
   2.4298228701694686        1.5686490146550571     
  0.30729188635741905       0.85602669275689836     
   2.1338852295860820       0.89611103390144298     
   2.8819657287090443        2.8819657287090443     
   1.9799046972161864       0.81914366686793560     
   1.9734294029301662        1.2096188729665975     
   1.9831737267522116        1.8131482019774272     
   2.7058466205402985        1.1817697949784904     
   3.1861183636931036        1.5901154449877664     
   1.9524867929337801        1.6691626412536003     
   1.7426314240885219        1.1453418906327220     
   2.9408612624711559        2.3719900224816608     
   1.9225025975213930        1.4124099300961555     
   1.3958558191203383        2.8912124317902959     
   2.3640978475307564        1.0464095256324382     
   1.7718247558113984        3.1432487620909031     
   1.0415614734216476        2.5143634965355504     
   2.3176257706260657        1.7013631083392096     
   2.2053766258421161       0.66433278275833008     
   1.6311098889615685        1.9542909849084540     
   1.7402791995577147        1.9945756881873777     
   1.9389031856159462        2.4869030958809293     
  0.87402810341860115        1.8861646392765496     
   3.4169625443511409        2.1785442276632656     
   1.6262112106931033        2.9000715674311643     
   1.2222554861431354        2.9131360445286911     
   2.1274994723245326        3.5372230471647050     
   3.0892638971031028        2.7534252808457964     
   2.4456855134269366        1.9076641581164255     
   1.3744438500490830        2.6558157214746734     
   2.5318914233081173        2.0448396315804023     
   2.2545387509525505        2.1965403935547840     
   2.2826106824040999       0.82537842085160740     
   2.1796227826680834        1.7066926812924543     
   2.4925241518195724        2.4925241518195724     
   1.7321856332886103        2.1268105716384986     
   2.7996685655677189        1.0384495555773763     
   2.9698678115362771        2.9698678115362771     
   1.6047919893536460        1.8188928997720224     
   1.8660755351900171        1.3433542725542049     
   2.6698977792396748        1.8970649062032019     
   3.3933393746350666        1.7896797584415047     
   1.2345882037146092        1.3955645787153348     
   1.2930674850927226        1.5868233839353509     
   2.1438204557301299        2.6060582016872504     
  0.98135072694316883        3.1466076772824438     
   1.7544728109699708        1.3702876970881650     
   2.2907742451666961        2.0390334377676860     
   1.2108419992819948        1.5550342801666917     
   1.4701769576758186        1.5765352367100467     
   1.5048658877948982        3.4688898557509416     
   3.4688898557509416        1.5048658877948982     
   1.5644576887123287        2.4282697850105781     
  0.86340881768534938        1.7960719845993320     
   1.5688944970670711        3.5021160661870661     
   2.6211892263555896        2.6211892263555896     
   2.3357447274282217       0.82366570676409168     
   3.5773181596995656        2.3928116759420233     
   2.8119134617705264        3.2811675296535023     
   1.7872659945073863        1.7017494563568516     
   1.7031342610594222        2.4190721752876057     
   2.0494644348299138        1.8569366607395892     
   1.2269002575239782        1.8869297493285089     
   1.9480995637370004        2.0424857887879728     
   2.6756821091639287        2.2491680906167506     
   2.2064115422248554        1.7392151544850531     
   1.2111405976957927        2.1967004994958641     
   2.6466592777347735        2.2841013867091018     
   1.5601483349248273       0.83024769147152755     
   1.9394986501101743        1.5572485858415610     
   1.1410318910042720        2.5197010344706521     
   2.7064048797000422        2.4918838417504130     
   1.2165339436781974        1.9169186597030994     
   2.2841013867091018        2.6466592777347735     
  0.71042007020071651        3.0524592629527612     
   2.7262998779680334        1.5124750138445431     
   2.2410844900297771        1.5346945917247379     
   1.9311622750551514        1.5079288718325738     
  0.94918708992478062        1.6823023228850946     
  0.59769269110563272        3.6890791411392105     
   1.4771227934436726        2.5512849860650317     
   3.4295290629263109        1.7453550354525778     
   1.0114044809956737        2.5414989325166211     
   3.1708077355170974        3.0242012829486544     
   2.5452621479912136        2.1870616262976190     
   2.2925246906423666        2.4213524335133436     
  0.29119940912096481        2.4967652419462603     
   1.4061055858700868        2.2141942696989192     
   2.5746359996961683        1.3015355622546816     
   1.9894127820321599        2.1155420152268456     
   3.9275075799090424        2.0370307353225785     
   1.0249565944137589        2.9483443644238081     
   2.9307240977390814        1.1234381821125081     
  0.89269823247634361        2.9744220602507787     
   3.0369427583645621        2.4530292871479844     
  0.89703646137359994        2.1164390484186519     
   2.1258249041184438        2.6246928746911347     
   1.9807709701783125       0.86523911557516620     
   2.3350503710582080        2.0245514711005441     
   1.3519191855618924        2.0426975567575436     
   2.5093750486841846        1.4117426471297019     
  0.58655197623129396        2.3293194145313434     
   2.7814810428223682        2.7273825984890308     
   1.9959579798618756        2.1660197089519464     
   2.2103824316775933       0.11810928912106329     
   2.5847612177848220      -0.17465221295141892     
   1.2929847607969409        2.4991469814044658     
   2.3880255156955075       0.76961821500778993     
  0.81361607248371026        2.5317146035079667     
   2.2377103821505222       0.78368389422731610     
   1.9887905661095335        1.4969836372188077     
   1.6131041327043283        2.1886321851363770     
   3.2062692348951485        1.7127443912391245     
   2.3036527418268600        1.1961013061787444     
   1.0562929088504158        1.5818838888950708     
   1.6152150962382799        1.9418716593912069     
   2.8710379825518055        1.8050073069415484     
  0.82972480247520453        1.2079561379061639     
