   3.0629268429214416E-004
   5.1833933144386783E-004
   1.6217613089372018E-003
   3.2658456124559972E-003
   3.8885778191872712E-003
   4.9692481277791344E-003
   1.1037246054426306E-002
   1.7590191643063347E-002
   2.2391495127874275E-002
   3.6873670872673674E-002
   5.2630995451974971E-002
   7.1699584687460655E-002
  0.18313365810599955     
  0.20054065111077718     
  0.27701548855260777     
  0.56402394078262152     
   1.0898328933596202     
   2.1815318832513042     
   2.4068227977415284     
   9.4206554676730878     
