   3.0629268429198511E-004
   5.1833933144399913E-004
   1.6217613089371079E-003
   3.2658456124562227E-003
   3.8885778191872730E-003
   4.9692481277792662E-003
   1.1037246054426277E-002
   1.7590191643063011E-002
   2.2391495127874070E-002
   3.6873670872673833E-002
   5.2630995451975443E-002
   7.1699584687460627E-002
  0.18313365810599960     
  0.20054065111077768     
  0.27701548855260794     
  0.56402394078262108     
   1.0898328933596202     
   2.1815318832513046     
   2.4068227977415289     
   9.4206554676730843     
