   2.1345922604660451E-008
   1.2479393565259561E-007
   5.6018450400969711E-007
   2.1403414338630071E-006
   7.2987209587557322E-006
   2.2775961282297850E-005
   6.6023566597997037E-005
   1.7955106799939845E-004
   4.6121846853527763E-004
   1.1245752006425575E-003
   2.6122094760912457E-003
   5.7962034910213327E-003
   1.2310646355175330E-002
   2.5065738839793988E-002
   4.8980781041970144E-002
   9.1929629859635667E-002
  0.16580221198644171     
  0.28744336879823901     
  0.47905249996106652     
  0.76746816817138597     
   1.1817163943409656     
   1.7483864250784793     
   2.4848983916251406     
   3.3915220812398390     
   4.4439061685328278     
   5.5885313294497116     
   6.7435016778810244     
   7.8061677258956106     
   8.6672971709723061     
   9.2293624145169328     
