   4.5212161200446766E-004
   4.5212161200446766E-004
   4.5212161200446766E-004
   4.5212161200446766E-004
   4.5212161200446766E-004
   4.5212161200446766E-004
   5.0473450149137247E-004
   5.0473450149146159E-004
   7.4502406839776765E-004
   7.4502406839783194E-004
   1.1099223641064236E-003
   1.1099223641066853E-003
   1.8931590598231468E-003
   1.8931590598233264E-003
   2.1431855400916486E-003
   2.1431855400917692E-003
   2.2541382946205542E-003
   3.6589394288598079E-003
   3.6589394288598608E-003
   4.1630987640018761E-003
   4.1630987640021017E-003
   5.5400690759911039E-003
   5.5400690759912557E-003
   5.7279254665310083E-003
   5.7279254665312876E-003
   7.4485068402157665E-003
   7.4485068402158341E-003
   8.0386641097777867E-003
   8.0386641097781007E-003
   8.8957700129884149E-003
   8.8957700129884739E-003
   1.2595835149867824E-002
   1.2595835149868121E-002
   1.3723956473393511E-002
   1.3723956473393714E-002
   1.4555065334029095E-002
   2.0779700876925433E-002
   2.0779700876925482E-002
   2.4321711708464960E-002
   2.4321711708465279E-002
   2.7937872614291422E-002
   2.7937872614291513E-002
   3.2006911509973042E-002
   3.2006911509973208E-002
   3.3366269879360519E-002
   3.3366269879360623E-002
   4.1523082478268129E-002
   4.1523082478268310E-002
   6.1803196466260896E-002
   6.1803196466261243E-002
   6.2870880934305401E-002
   6.2870880934305665E-002
   7.0383908343725834E-002
   8.4528582634284630E-002
   8.4528582634284907E-002
  0.10095269384443409     
  0.10095269384443431     
  0.10551310101237478     
  0.10551310101237493     
  0.13590659986281953     
  0.13590659986281961     
  0.15975937273515836     
  0.15975937273515842     
  0.21479313060613953     
  0.21479313060613961     
  0.23202564947271673     
  0.23202564947271709     
  0.25652796342020084     
  0.25652796342020123     
  0.26242651652803739     
  0.35131440420731680     
  0.35131440420731713     
  0.44802594574318494     
  0.44802594574318522     
  0.47233485844873901     
  0.47233485844873935     
  0.56411068151152632     
  0.56411068151152777     
  0.67836451942221532     
  0.67836451942221643     
  0.76488935155922377     
  0.91204688854390370     
  0.91204688854390470     
   1.0892598389978987     
   1.0892598389979034     
   1.1581333677471166     
   1.1581333677471173     
   1.5570860567299261     
   1.5570860567299265     
   1.7535515362517458     
   1.8596317017947599     
   1.8596317017947603     
   2.3576133137121889     
   2.3576133137121915     
   2.8157033709235946     
   2.8157033709235963     
   3.1697617219018630     
   3.7856542094812644     
   3.7856542094812657     
   4.5212161200446763     
